1
5
17
27
38
45
55
65
74
81
90
98
106
113
122
134
139
146
155
161
169
170
182
185
191
202
207
208
218
226
228
237
242
251
256
258
270
274
280
284
289
290
292
298
307
313
315
320
323
332
333
344
346
350
357
358
368
376
378
379
383
386
392
400
403
408
409
417
424
430
432
442
443
446
453
460
461
467
478
490
491
502
508
512
515
520
524
533
536
539
551
555
566
567
572
583
589
600
612
620
628
632
641
642
645
652
657
668
673
676
685
694
704
706
714
715
716
717
720
732
744
747
748
755
767
770
773
783
790
801
811
818
822
825
833
838
847
854
864
871
875
882
885
892
904
909
920
931
943
951
962
965
975
978
986
994
1004
1013
1016
1021
1031
1036
1039
1040
1046
1049
1056
1058
1067
1077
1080
1082
1084
1092
1098
1101
1102
1113
1124
1133
1139
1145
1157
1165
1174
1175
1180
1182
1191
1193
1199
1211
1222
1228
1231
1240
1242
1249
1257
1265
1272
1276
1285
1289
1292
1298
1300
1310
1316
1322
1334
1341
1346
1356
1367
1379
1383
1391
1395
1405
1410
1417
1424
1427
1432
1440
1446
1457
1469
1481
1491
1502
1511
1520
1526
1528
1536
1538
1539
1545
1552
1561
1563
1573
1581
1593
1605
1611
1612
1621
1633
1636
1647
1650
1652
1654
1655
1660
1668
1671
1676
1678
1685
1688
1693
1694
1701
1712
1716
1720
1722
1726
1738
1739
1748
1757
1768
1774
1784
1796
1798
1808
1819
1821
1831
1835
1836
1840
1847
1859
1868
1870
1882
1894
1897
1905
1909
1914
1923
1927
1934
1938
1941
1945
1953
1961
1966
1967
1978
1988
1998
2003
2007
2016
2024
2034
2044
2055
2056
2067
2074
2075
2080
2084
2085
2092
2095
2104
2114
2122
2132
2136
2141
2150
2162
2164
2168
2176
2186
2195
2198
2199
2206
2214
2217
2229
2240
2247
2259
2270
2275
2284
2289
2293
2305
2317
2322
2328
2335
2343
2346
2351
2355
2367
2374
2382
2392
2398
2406
2413
2421
2423
2430
2440
2450
2453
2463
2468
2480
2482
2485
2487
2489
2501
2505
2506
2512
2522
2525
2536
2546
2553
2555
2557
2562
2573
2585
2593
2602
2614
2618
2621
2628
2635
2639
2641
2647
2655
2662
2673
2680
2690
2697
2706
2713
2719
2724
2732
2735
2737
2744
2751
2763
2775
2783
2789
2796
2805
2810
2816
2820
2832
2844
2851
2854
2866
2874
2883
2895
2900
2912
2918
2930
2937
2942
2953
2955
2967
2979
2989
3001
3006
3015
3024
3031
3032
3037
3039
3040
3043
3051
3061
3069
3078
3089
3092
3101
3111
3121
3131
3135
3143
3153
3160
3168
3178
3185
3191
3194
3200
3201
3207
3218
3221
3231
3238
3242
3249
3258
3270
3280
3288
3299
3303
3315
3324
3334
3342
3345
3357
3364
3374
3383
3385
3397
3401
3410
3413
3416
3423
3434
3446
3453
3465
3474
3477
3482
3488
3493
3503
3511
3517
3521
3526
3531
3542
3543
3545
3550
3554
3564
3566
3570
3575
3578
3589
3593
3604
3612
3620
3629
3638
3643
3649
3652
3660
3663
3668
3678
3680
3690
3700
3705
3715
3717
3718
3729
3737
3739
3748
3751
3760
3767
3772
3782
3784
3791
3798
3810
3813
3822
3826
3837
3839
3845
3848
3849
3851
3858
3860
3870
3872
3874
3885
3890
3892
3895
3907
3918
3928
3932
3935
3945
3947
3959
3968
3977
3987
3992
3998
4003
4011
4015
4027
4038
4045
4055
4056
4061
4063
4069
4070
4078
4080
4082
4087
4099
4104
4113
4124
4135
4137
4147
4153
4161
4172
4178
4182
4193
4194
4206
4209
4212
4218
4224
4226
4238
4241
4253
4256
4267
4272
4273
4283
4291
4303
4313
4316
4326
4338
4349
4358
4369
4381
4382
4389
4391
4395
4397
4406
4408
4414
4422
4434
4443
4452
4457
4459
4470
4481
4486
4490
4492
4494
4504
4506
4516
4522
4526
4529
4539
4544
4553
4564
4565
4572
4584
4594
4598
4603
4613
4614
4615
4621
4627
4638
4639
4649
4655
4665
4668
4675
4679
4681
4688
4700
4703
4707
4710
4711
4714
4722
4731
4733
4739
4747
4754
4759
4763
4770
4779
4789
4801
4803
4815
4820
4830
4836
4841
4844
4854
4859
4867
4869
4874
4877
4883
4893
4895
4896
4898
4910
4915
4924
4931
4932
4936
4940
4952
4959
4963
4972
4975
4979
4981
4993
5005
5015
5022
5033
5043
5045
5056
5060
5070
5071
5081
5085
5092
5097
5106
5118
5125
5133
5143
5154
5162
5166
5172
5176
5185
5189
5198
5204
5216
5226
5236
5241
5249
5251
5257
5268
5279
5289
5295
5296
5305
5317
5325
5334
5344
5350
5352
5358
5360
5361
5368
5378
5390
5396
5404
5407
5419
5421
5424
5432
5441
5445
5447
5451
5463
5464
5470
5477
5487
5498
5502
5506
5516
5523
5533
5535
5537
5546
5549
5555
5559
5570
5582
5589
5595
5598
5604
5614
5621
5622
5631
5636
5645
5647
5655
5657
5661
5663
5675
5676
5685
5694
5697
5700
5704
5709
5714
5725
5733
5740
5746
5750
5762
5767
5779
5783
5794
5805
5817
5829
5839
5842
5849
5860
5862
5866
5873
5882
5891
5901
5912
5918
5927
5932
5937
5942
5950
5956
5960
5964
5976
5983
5992
5997
6000
6011
6014
6024
6031
6038
6044
6045
6052
6058
6068
6076
6082
6092
6098
6103
6113
6117
6121
6127
6137
6138
6143
6150
6158
6170
6174
6175
6176
6177
6180
6192
6199
6206
6208
6216
6218
6228
6240
6250
6254
6260
6266
6272
6278
6283
6286
6294
6297
6306
6316
6324
6327
6338
6348
6351
6353
6362
6366
6367
6372
6373
6380
6389
6395
6398
6407
6415
6422
6425
6427
6433
6445
6450
6452
6462
6472
6476
6477
6486
6487
6496
6502
6504
6514
6520
6522
6531
6541
6550
6560
6570
6580
6587
6590
6591
6602
6605
6616
6621
6625
6637
6642
6648
6656
6657
6660
6664
6673
6683
6686
6695
6697
6705
6713
6724
6733
6743
6750
6762
6764
6770
6780
6790
6795
6807
6809
6817
6820
6821
6830
6840
6847
6859
6870
6875
6881
6887
6899
6907
6912
6917
6920
6930
6939
6948
6951
6953
6958
6969
6972
6976
6980
6990
6995
7002
7008
7010
7014
7018
7027
7038
7048
7053
7065
7069
7078
7085
7097
7107
7109
7115
7123
7124
7136
7140
7143
7152
7163
7168
7174
7175
7180
7182
7193
7202
7213
7216
7228
7231
7232
7243
7244
7245
7248
7256
7265
7271
7282
7291
7300
7311
7323
7328
7335
7347
7357
7359
7361
7364
7373
7379
7390
7399
7407
7416
7428
7432
7443
7454
7463
7465
7473
7478
7481
7490
7493
7501
7505
7513
7514
7525
7531
7532
7539
7542
7548
7559
7560
7568
7573
7585
7590
7600
7609
7610
7620
7621
7630
7641
7650
7661
7664
7671
7674
7683
7694
7699
7702
7708
7715
7727
7731
7742
7748
7753
7763
7773
7785
7792
7793
7800
7804
7808
7814
7819
7827
7838
7848
7851
7855
7857
7863
7874
7877
7887
7892
7895
7897
7906
7916
7928
7935
7943
7945
7948
7957
7960
7962
7966
7972
7979
7989
7995
8006
8009
8013
8016
8024
8030
8038
8049
8057
8065
8075
8086
8098
8109
8111
8115
8127
8134
8143
8150
8153
8160
8172
8179
8186
8189
8191
8202
8206
8217
8229
8234
8237
8249
8250
8254
8255
8261
8265
8276
8278
8284
8288
8291
8303
8310
8312
8315
8326
8331
8334
8341
8351
8352
8363
8369
8374
8382
8389
8393
8403
8406
8417
8426
8429
8441
8451
8455
8457
8464
8470
8471
8476
8484
8493
8500
8509
8510
8511
8512
8517
8528
8533
8544
8551
8558
8563
8571
8581
8584
8585
8597
8605
8612
8619
8624
8628
8638
8639
8650
8654
8664
8666
8675
8684
8693
8705
8711
8715
8724
8727
8736
8745
8755
8758
8763
8774
8777
8789
8795
8801
8809
8812
8817
8818
8825
8833
8835
8843
8854
8856
8864
8875
8884
8896
8906
8912
8914
8920
8922
8931
8933
8945
8952
8959
8965
8969
8981
8987
8998
9004
9007
9008
9010
9011
9023
9033
9041
9043
9046
9047
9054
9062
9071
9078
9088
9096
9104
9105
9111
9113
9122
9125
9128
9137
9145
9157
9160
9168
9179
9183
9189
9190
9202
9210
9216
9224
9233
9240
9245
9250
9255
9265
9274
9286
9295
9303
9311
9317
9321
9326
9336
9345
9357
9369
9378
9386
9393
9399
9411
9423
9431
9439
9447
9458
9462
9468
9479
9487
9498
9502
9504
9513
9524
9536
9538
9548
9551
9560
9571
9577
9582
9588
9590
9596
9600
9610
9619
9629
9638
9650
9652
9656
9661
9672
9673
9675
9682
9690
9692
9704
9716
9717
9728
9730
9739
9741
9743
9755
9767
9778
9781
9789
9801
9805
9807
9817
9820
9826
9838
9849
9850
9861
9866
9873
9884
9889
9890
9898
9908
9916
9927
9932
9935
9936
9944
9949
9957
9969
9977
9982
9994
9996
10001
10005
10013
10025
10034
10038
10048
10055
10056
10059
10070
10075
10079
10085
10091
10097
10101
10104
10108
10116
10118
10120
10123
10124
10129
10137
10140
10146
10147
10154
10161
10167
10178
10180
10181
10182
10190
10199
10200
10211
10215
10218
10226
10231
10239
10247
10249
10254
10265
10271
10276
10279
10289
10300
10309
10318
10329
10341
10343
10348
10353
10355
10360
10362
10373
10375
10379
10382
10392
10397
10405
10409
10410
10419
10431
10438
10450
10460
10463
10471
10480
10488
10490
10500
10512
10522
10524
10525
10537
10543
10553
10557
10564
10571
10577
10580
10587
10595
10607
10614
10618
10621
10631
10634
10638
10640
10649
10660
10669
10672
10681
10690
10696
10707
10714
10725
10732
10740
10748
10752
10758
10770
10777
10788
10792
10798
10800
10809
10814
10815
10816
10820
10826
10829
10838
10846
10847
10850
10855
10861
10868
10872
10876
10885
10887
10889
10896
10904
10912
10920
10924
10927
10931
10934
10937
10939
10943
10949
10954
10958
10959
10966
10970
10980
10988
10994
11002
11008
11009
11011
11019
11030
11040
11044
11056
11059
11060
11061
11071
11076
11079
11083
11093
11099
11105
11113
11122
11128
11138
11141
11152
11164
11165
11176
11185
11186
11191
11203
11205
11208
11211
11216
11217
11220
11221
11229
11241
11250
11257
11264
11272
11284
11291
11303
11305
11310
11311
11320
11330
11340
11351
11353
11356
11364
11366
11371
11382
11392
11393
11397
11402
11411
11413
11423
11431
11439
11443
11450
11456
11461
11466
11468
11470
11481
11482
11483
11487
11494
11501
11513
11517
11527
11538
11545
11556
11565
11574
11584
11586
11590
11596
11607
11610
11615
11623
11629
11631
11639
11640
11646
11650
11654
11655
11660
11664
11673
11674
11676
11688
11690
11696
11703
11714
11717
11718
11719
11724
11727
11732
11744
11750
11761
11771
11775
11780
11783
11792
11802
11808
11815
11817
11818
11829
11839
11848
11856
11857
11868
11874
11878
11883
11887
11891
11903
11912
11920
11926
11927
11929
11939
11949
11954
11963
11975
11981
11993
12004
12006
12013
12022
12034
12041
12045
12048
12056
12059
12071
12082
12087
12090
12092
12099
12100
12102
12105
12110
12115
12120
12126
12132
12142
12151
12155
12158
12162
12172
12173
12175
12184
12187
12194
12196
12197
12203
12205
12217
12218
12220
12230
12232
12240
12251
12253
12259
12261
12269
12271
12283
12287
12297
12309
12310
12311
12316
12319
12323
12332
12341
12349
12356
12363
12370
12372
12375
12383
12394
12403
12404
12411
12415
12427
12436
12443
12454
12455
12460
12470
12475
12476
12483
12487
12499
12508
12513
12520
12526
12537
12543
12554
12563
12574
12584
12593
12604
12611
12617
12619
12625
12634
12640
12642
12651
12663
12671
12673
12678
12683
12684
12691
12701
12706
12718
12723
12725
12729
12732
12736
12744
12753
12764
12771
12782
12783
12791
12798
12800
12802
12803
12813
12825
12834
12844
12853
12854
12858
12869
12873
12876
12878
12880
12882
12893
12901
12903
12912
12916
12923
12929
12933
12944
12952
12961
12965
12975
12986
12998
13006
13008
13019
13030
13031
13043
13045
13050
13060
13071
13082
13084
13089
13101
13107
13110
13121
13129
13133
13134
13137
13140
13147
13154
13165
13175
13182
13188
13198
13208
13209
13212
13222
13227
13233
13237
13239
13241
13245
13250
13258
13262
13266
13275
13281
13290
13293
13302
13312
13317
13321
13333
13337
13347
13354
13364
13372
13382
13390
13395
13397
13405
13415
13419
13422
13427
13435
13442
13447
13450
13460
13467
13477
13481
13483
13487
13497
13509
13518
13525
13528
13529
13541
13542
13544
13549
13550
13552
13561
13572
13583
13588
13599
13610
13621
13633
13638
13640
13651
13653
13664
13665
13670
13680
13686
13697
13699
13703
13704
13707
13716
13718
13728
13729
13741
13752
13753
13757
13763
13766
13778
13779
13785
13797
13803
13814
13821
13824
13834
13844
13853
13865
13872
13882
13887
13894
13904
13909
13910
13913
13925
13930
13941
13946
13957
13966
13974
13980
13984
13992
13997
14003
14014
14021
14027
14036
14046
14050
14054
14066
14069
14080
14081
14086
14092
14098
14103
14112
14116
14125
14129
14135
14141
14144
14147
14156
14157
14158
14163
14173
14176
14180
14192
14199
14211
14214
14222
14233
14237
14240
14252
14264
14276
14282
14285
14294
14301
14312
14322
14323
14333
14337
14342
14351
14355
14367
14375
14376
14378
14386
14395
14402
14413
14421
14425
14434
14438
14441
14452
14460
14470
14473
14476
14486
14487
14494
14505
14513
14519
14530
14538
14544
14553
14559
14565
14574
14579
14583
14590
14592
14596
14600
14610
14619
14626
14627
14631
14639
14646
14658
14665
14676
14679
14691
14698
14704
14710
14720
14729
14739
14743
14744
14754
14760
14769
14776
14786
14790
14792
14803
14811
14822
14823
14826
14837
14841
14848
14857
14863
14869
14870
14871
14883
14895
14900
14906
14915
14916
14927
14929
14939
14950
14962
14964
14973
14974
14976
14987
14993
15004
15014
15016
15018
15023
15030
15035
15043
15055
15063
15074
15081
15089
15095
15103
15105
15116
15124
15130
15138
15141
15148
15160
15169
15172
15174
15186
15195
15199
15210
15211
15223
15230
15239
15247
15257
15261
15264
15276
15282
15287
15288
15300
15306
15310
15311
15314
15315
15327
15335
15346
15352
15363
15375
15387
15388
15398
15401
15402
15407
15413
15423
15425
15430
15440
15444
15449
15460
15467
15472
15478
15485
15496
15507
15509
15521
15527
15531
15534
15544
15555
15557
15559
15567
15577
15582
15588
15596
15600
15607
15608
15618
15626
15636
15642
15648
15658
15660
15665
15672
15682
15687
15692
15701
15707
15708
15720
15721
15730
15736
15744
15756
15768
15777
15782
15788
15791
15800
15802
15808
15809
15814
15816
15820
15826
15828
15836
15846
15855
15866
15875
15882
15888
15895
15898
15900
15906
15918
15920
15928
15930
15932
15941
15948
15955
15961
15967
15970
15977
15982
15985
15990
15995
15996
15998
16004
16007
16011
16021
16026
16027
16039
16043
16049
16056
16063
16067
16071
16078
16081
16089
16095
16104
16110
16113
16116
16120
16128
16132
16144
16153
16163
16173
16179
16183
16191
16203
16204
16216
16218
16220
16231
16239
16244
16255
16265
16277
16285
16287
16297
16302
16304
16311
16314
16326
16330
16340
16348
16359
16363
16367
16379
16385
16387
16398
16404
16415
16424
16425
16429
16437
16442
16443
16447
16459
16463
16475
16487
16488
16496
16507
16519
16524
16526
16532
16534
16536
16537
16543
16549
16553
16558
16566
16574
16584
16586
16596
16600
16612
16616
16627
16631
16642
16643
16650
16659
16663
16671
16680
16683
16691
16692
16700
16703
16712
16718
16727
16735
16740
16741
16744
16754
16761
16768
16778
16790
16798
16808
16818
16822
16834
16840
16852
16853
16864
16875
16878
16890
16893
16899
16900
16905
16915
16916
16925
16934
16940
16950
16959
16968
16977
16989
17001
17003
17011
17018
17024
17036
17044
17050
17059
17069
17076
17082
17094
17101
17102
17114
17121
17132
17135
17143
17148
17155
17161
17171
17173
17181
17189
17196
17201
17213
17224
17226
17229
17237
17245
17253
17263
17270
17281
17282
17283
17293
17295
17296
17297
17298
17302
17313
17322
17323
17330
17340
17347
17359
17364
17365
17375
17386
17390
17395
17400
17402
17405
17416
17426
17437
17442
17449
17457
17462
17467
17472
17474
17486
17493
17503
17512
17524
17529
17540
17546
17556
17558
17568
17577
17583
17593
17604
17610
17616
17624
17635
17637
17640
17644
17647
17656
17663
17667
17674
17681
17685
17694
17703
17713
17722
17730
17731
17734
17741
17752
17756
17757
17759
17769
17772
17783
17793
17803
17805
17807
17812
17818
17823
17825
17827
17833
17834
17844
17853
17854
17858
17870
17872
17883
17891
17902
17906
17909
17920
17924
17927
17935
17940
17952
17957
17959
17965
17972
17983
17995
17998
18008
18012
18016
18027
18034
18038
18045
18052
18059
18066
18075
18086
18088
18096
18104
18115
18122
18126
18127
18130
18140
18148
18160
18172
18177
18185
18195
18200
18211
18221
18223
18228
18230
18237
18245
18251
18252
18261
18273
18284
18289
18296
18298
18305
18314
18323
18327
18330
18334
18341
18348
18358
18361
18371
18379
18386
18395
18397
18399
18403
18413
18420
18432
18442
18451
18454
18466
18472
18474
18478
18489
18492
18504
18511
18516
18521
18522
18528
18534
18544
18554
18563
18566
18573
18575
18583
18586
18594
18598
18608
18610
18615
18616
18625
18636
18637
18641
18652
18654
18655
18667
18669
18673
18678
18690
18699
18706
18714
18716
18727
18730
18739
18742
18754
18757
18768
18772
18782
18792
18797
18798
18808
18818
18821
18823
18828
18838
18839
18842
18853
18861
18867
18877
18888
18894
18896
18901
18909
18915
18919
18920
18923
18929
18941
18946
18955
18961
18966
18978
18984
18989
18996
19002
19004
19006
19009
19020
19031
19033
19037
19047
19058
19070
19080
19085
19091
19097
19103
19113
19122
19134
19144
19149
19152
19164
19167
19176
19185
19192
19193
19203
19205
19216
19222
19231
19239
19241
19252
19264
19270
19277
19289
19301
19312
19324
19335
19338
19342
19349
19354
19358
19364
19371
19376
19387
19390
19398
19400
19411
19422
19426
19434
19440
19443
19447
19449
19456
19457
19459
19462
19473
19484
19492
19498
19500
19503
19505
19514
19520
19532
19534
19537
19544
19545
19554
19556
19565
19575
19582
19591
19594
19605
19617
19626
19631
19639
19648
19651
19663
19673
19675
19685
19691
19701
19703
19706
19718
19726
19731
19738
19740
19744
19755
19759
19769
19773
19777
19781
19790
19791
19799
19802
19814
19819
19821
19833
19839
19841
19843
19847
19854
19860
19866
19870
19882
19892
19900
19909
19915
19916
19925
19926
19927
19932
19944
19951
19954
19963
19965
19976
19979
19991
19995
19997
20008
20013
20025
20035
20044
20045
20047
20050
20059
20068
20078
20087
20093
20097
20099
20108
20116
20121
20130
20137
20142
20144
20156
20166
20178
20185
20195
20207
20208
20218
20221
20233
20245
20253
20262
20273
20279
20291
20293
20304
20306
20313
20319
20326
20332
20336
20346
20353
20362
20368
20371
20373
20382
20387
20392
20403
20405
20415
20418
20429
20434
20438
20442
20449
20460
20472
20481
20482
20484
20496
20497
20508
20518
20530
20532
20539
20549
20550
20555
20565
20567
20571
20581
20591
20593
20604
20607
20615
20619
20626
20629
20631
20641
20647
20654
20655
20662
20669
20680
20687
20691
20700
20712
20716
20725
20729
20736
20747
20748
20756
20758
20770
20781
20782
20784
20786
20796
20807
20818
20829
20833
20845
20846
20853
20858
20865
20874
20877
20887
20891
20896
20902
20906
20912
20914
20921
20927
20935
20938
20940
20952
20953
20963
20975
20987
20993
21000
21006
21009
21020
21029
21030
21042
21049
21054
21060
21064
21068
21074
21075
21085
21088
21090
21102
21105
21113
21125
21131
21133
21144
21155
21160
21166
21177
21181
21186
21194
21202
21203
21206
21214
21226
21238
21245
21254
21256
21258
21264
21269
21274
21279
21290
21298
21310
21316
21320
21332
21335
21344
21350
21355
21356
21359
21366
21377
21388
21398
21407
21416
21426
21438
21450
21456
21461
21470
21481
21492
21503
21505
21516
21519
21524
21527
21532
21535
21546
21555
21558
21561
21571
21581
21592
21595
21601
21609
21618
21621
21622
21630
21636
21645
21653
21661
21670
21678
21690
21693
21703
21713
21715
21727
21737
21748
21753
21760
21763
21768
21777
21784
21796
21797
21803
21814
21819
21826
21832
21840
21849
21856
21864
21871
21872
21873
21879
21880
21883
21889
21891
21893
21896
21905
21906
21914
21916
21924
21936
21941
21945
21957
21962
21966
21974
21986
21996
22003
22011
22018
22023
22024
22030
22040
22041
22047
22053
22065
22077
22088
22093
22101
22107
22119
22131
22132
22141
22147
22154
22160
22164
22171
22181
22186
22192
22204
22214
22220
22228
22230
22241
22250
22254
22259
22260
22272
22279
22289
22295
22299
22301
22303
22315
22326
22335
22345
22353
22355
22358
22368
22374
22383
22385
22395
22399
22407
22417
22424
22426
22433
22443
22452
22456
22462
22463
22464
22473
22478
22485
22488
22498
22501
22506
22516
22523
22533
22540
22543
22553
22557
22566
22570
22581
22583
22592
22597
22598
22602
22611
22616
22617
22626
22638
22650
22655
22660
22666
22672
22679
22685
22686
22694
22695
22697
22709
22720
22727
22732
22743
22747
22759
22769
22778
22782
22790
22798
22809
22810
22816
22823
22832
22839
22841
22847
22854
22860
22864
22868
22878
22880
22889
22895
22900
22910
22920
22928
22939
22948
22951
22959
22965
22973
22977
22979
22981
22983
22995
22998
23007
23016
23027
23038
23041
23044
23046
23047
23058
23065
23072
23077
23082
23089
23095
23105
23111
23119
23128
23131
23141
23153
23164
23172
23176
23181
23185
23187
23188
23194
23206
23213
23223
23230
23239
23244
23252
23254
23266
23272
23284
23288
23291
23296
23307
23311
23318
23322
23331
23333
23334
23343
23352
23353
23361
23369
23378
23381
23387
23394
23398
23402
23404
23409
23413
23420
23426
23431
23438
23446
23455
23457
23462
23463
23464
23472
23481
23493
23496
23506
23507
23512
23516
23519
23527
23537
23542
23547
23551
23554
23565
23569
23581
23589
23590
23598
23610
23616
23623
23625
23629
23635
23642
23650
23661
23670
23681
23690
23691
23692
23703
23710
23713
23718
23730
23731
23735
23747
23757
23766
23767
23775
23778
23785
23787
23794
23800
23808
23809
23820
23823
23824
23827
23833
23842
23854
23863
23872
23874
23884
23885
23887
23889
23893
23896
23905
23916
23927
23938
23945
23949
23955
23957
23960
23970
23976
23981
23984
23996
23998
24003
24014
24022
24028
24036
24037
24041
24048
24060
24068
24074
24079
24083
24093
24105
24108
24109
24111
24114
24122
24133
24141
24144
24155
24156
24160
24164
24174
24179
24184
24196
24205
24214
24224
24225
24226
24233
24237
24247
24255
24259
24262
24272
24275
24277
24280
24282
24292
24296
24307
24316
24317
24324
24333
24343
24352
24354
24364
24376
24387
24397
24402
24411
24412
24424
24435
24440
24450
24459
24464
24471
24482
24487
24496
24500
24507
24510
24514
24525
24534
24539
24548
24557
24563
24574
24582
24591
24598
24604
24613
24625
24629
24641
24645
24656
24658
24661
24668
24670
24682
24683
24692
24694
24706
24716
24727
24738
24741
24749
24758
24770
24780
24783
24791
24798
24805
24816
24823
24827
24832
24837
24840
24850
24857
24865
24873
24884
24893
24899
24900
24902
24910
24912
24917
24928
24940
24944
24948
24954
24963
24966
24972
24976
24979
24982
24984
24991
25003
25011
25014
25022
25033
25036
25041
25053
25059
25071
25081
25085
25094
25102
25107
25118
25128
25130
25141
25152
25154
25156
25157
25163
25165
25175
25185
25192
25203
25208
25210
25211
25223
25224
25229
25230
25231
25238
25247
25255
25257
25259
25262
25265
25275
25282
25291
25302
25308
25309
25318
25323
25325
25326
25332
25340
25350
25358
25369
25379
25386
25394
25396
25408
25412
25413
25425
25430
25442
25444
25451
25454
25460
25461
25466
25473
25482
25494
25500
25511
25514
25515
25520
25525
25534
25543
25553
25563
25567
25576
25588
25596
25597
25598
25604
25610
25622
25628
25631
25638
25641
25653
25663
25673
25685
25686
25688
25693
25702
25704
25706
25717
25720
25723
25728
25732
25737
25738
25743
25744
25750
25751
25752
25758
25765
25769
25776
25785
25793
25796
25804
25816
25827
25831
25842
25845
25855
25857
25865
25872
25878
25889
25898
25901
25909
25913
25921
25931
25935
25937
25949
25954
25964
25976
25986
25989
25998
26010
26011
26014
26017
26021
26026
26028
26039
26046
26047
26050
26055
26060
26061
26065
26073
26080
26091
26102
26113
26116
26117
26122
26132
26136
26147
26153
26154
26165
26168
26171
26176
26178
26189
26199
26201
26203
26215
26220
26231
26232
26237
26243
26248
26256
26267
26272
26284
26288
26290
26300
26307
26319
26325
26336
26341
26348
26357
26361
26371
26379
26391
26398
26403
26409
26419
26422
26431
26438
26442
26450
26457
26466
26473
26476
26478
26487
26499
26503
26512
26520
26521
26527
26533
26540
26542
26546
26553
26559
26570
26581
26592
26601
26610
26617
26629
26640
26641
26643
26651
26652
26656
26663
26674
26682
26691
26695
26702
26709
26715
26724
26727
26734
26740
26750
26756
26760
26772
26779
26787
26788
26792
26794
26804
26813
26820
26825
26832
26838
26842
26853
26856
26863
26869
26871
26883
26888
26898
26910
26919
26925
26936
26947
26954
26957
26966
26967
26979
26983
26993
27005
27007
27013
27021
27028
27040
27048
27060
27067
27079
27082
27083
27093
27098
27099
27108
27118
27123
27132
27144
27150
27162
27164
27166
27168
27180
27182
27193
27205
27209
27218
27229
27233
27240
27247
27252
27264
27265
27275
27284
27293
27302
27307
27312
27319
27326
27329
27338
27349
27360
27372
27375
27383
27395
27398
27408
27415
27417
27429
27441
27445
27450
27455
27462
27464
27466
27478
27486
27493
27498
27510
27520
27522
27527
27528
27539
27549
27550
27555
27557
27569
27573
27583
27595
27607
27611
27613
27618
27623
27628
27638
27645
27648
27656
27667
27677
27684
27687
27694
27702
27704
27711
27715
27718
27728
27733
27744
27752
27762
27765
27769
27781
27786
27788
27794
27805
27808
27810
27815
27825
27833
27839
27843
27847
27857
27863
27874
27882
27884
27891
27901
27908
27910
27922
27930
27939
27941
27953
27963
27966
27975
27980
27990
27993
28000
28009
28014
28021
28026
28030
28032
28033
28042
28050
28052
28064
28069
28081
28082
28091
28098
28103
28104
28105
28116
28124
28135
28145
28154
28164
28175
28184
28189
28191
28192
28198
28199
28202
28208
28213
28219
28221
28233
28242
28249
28260
28267
28270
28278
28283
28288
28293
28304
28305
28314
28325
28334
28337
28342
28345
28348
28351
28352
28357
28360
28371
28375
28386
28389
28391
28397
28409
28415
28417
28424
28436
28439
28446
28454
28466
28473
28485
28497
28509
28518
28525
28535
28543
28551
28555
28565
28570
28575
28579
28585
28590
28594
28606
28617
28618
28628
28633
28642
28646
28647
28657
28669
28678
28682
28687
28688
28700
28701
28713
28714
28716
28726
28730
28734
28743
28747
28756
28758
28760
28767
28775
28787
28788
28798
28810
28816
28817
28827
28835
28845
28856
28859
28867
28872
28880
28887
28895
28904
28906
28914
28924
28927
28938
28939
28942
28944
28946
28955
28963
28973
28981
28988
28995
29006
29012
29018
29027
29037
29046
29055
29063
29069
29071
29074
29084
29087
29092
29103
29104
29105
29108
29114
29116
29128
29131
29137
29145
29154
29164
29170
29180
29188
29197
29208
29217
29225
29229
29237
29238
29243
29249
29258
29262
29263
29271
29274
29278
29281
29289
29301
29311
29319
29321
29330
29333
29345
29355
29361
29373
29374
29375
29376
29386
29392
29399
29410
29417
29424
29430
29438
29447
29452
29464
29466
29478
29489
29491
29496
29500
29512
29521
29532
29533
29536
29548
29555
29557
29566
29570
29574
29584
29585
29589
29601
29607
29614
29626
29636
29640
29652
29656
29666
29667
29668
29679
29690
29691
29694
29701
29708
29720
29722
29734
29737
29746
29748
29752
29761
29773
29785
29794
29803
29813
29823
29830
29834
29838
29845
29847
29855
29860
29866
29877
29878
29882
29891
29894
29898
29900
29909
29918
29925
29930
29931
29940
29948
29955
29964
29971
29975
29977
29987
29988
29996
30004
30015
30024
30034
30043
30054
30057
30059
30071
30073
30084
30091
30098
30107
30119
30125
30132
30139
30151
30161
30168
30170
30174
30181
30190
30197
30205
30215
30226
30236
30241
30242
30251
30257
30264
30268
30273
30282
30287
30298
30309
30316
30323
30333
30339
30341
30348
30352
30356
30367
30372
30376
30382
30389
30395
30399
30404
30413
30417
30421
30423
30435
30442
30443
30451
30463
30475
30478
30485
30496
30499
30511
30516
30518
30526
30534
30543
30545
30547
30554
30556
30557
30564
30569
30570
30572
30573
30575
30586
30588
30595
30604
30606
30618
30630
30637
30642
30650
30662
30673
30677
30688
30692
30700
30711
30718
30719
30730
30742
30745
30751
30752
30759
30762
30769
30778
30787
30793
30795
30800
30809
30816
30820
30823
30831
30837
30838
30842
30843
30855
30856
30864
30865
30876
30882
30889
30892
30894
30901
30909
30915
30923
30935
30944
30954
30957
30958
30962
30968
30971
30976
30981
30990
30998
31001
31010
31022
31024
31028
31039
31042
31043
31047
31056
31063
31073
31085
31091
31102
31112
31117
31128
31133
31134
31144
31149
31157
31166
31178
31188
31196
31201
31211
31214
31220
31229
31230
31236
31241
31246
31252
31256
31263
31269
31273
31277
31282
31283
31285
31293
31300
31311
31315
31323
31334
31344
31354
31359
31366
31369
31378
31389
31392
31404
31410
31413
31414
31423
31425
31429
31438
31444
31452
31460
31461
31473
31476
31484
31490
31496
31507
31509
31518
31525
31532
31535
31547
31554
31560
31561
31571
31574
31585
31595
31601
31606
31613
31617
31622
31634
31639
31644
31646
31650
31662
31669
31679
31690
31699
31703
31712
31722
31731
31742
31745
31749
31752
31760
31770
31774
31781
31783
31788
31793
31795
31796
31806
31812
31822
31824
31830
31834
31837
31844
31849
31858
31870
31877
31882
31889
31900
31910
31913
31923
31926
31929
31933
31944
31948
31951
31958
31968
31970
31974
31983
31989
31992
31994
31997
31998
32002
32011
32023
32026
32037
32045
32051
32052
32058
32068
32074
32081
32085
32089
32101
32106
32115
32122
32123
32134
32143
32155
32163
32175
32185
32187
32192
32198
32204
32214
32219
32220
32227
32229
32240
32246
32252
32261
32265
32267
32271
32275
32280
32292
32293
32296
32303
32314
32325
32335
32347
32348
32358
32364
32373
32375
32381
32393
32398
32399
32405
32406
32417
32423
32432
32433
32441
32449
32460
32462
32466
32467
32476
32488
32491
32492
32498
32509
32519
32527
32528
32529
32540
32541
32549
32552
32554
32558
32562
32568
32573
32583
32591
32598
32605
32613
32617
32618
32628
32638
32645
32656
32666
32673
32681
32683
32686
32689
32691
32703
32710
32722
32725
32732
32742
32748
32751
32760
32766
32772
32774
32775
32777
32779
32782
32794
32801
32804
32806
32808
32814
32822
32823
32835
32845
32848
32855
32862
32872
32882
32891
32893
32896
32904
32913
32925
32928
32937
32947
32952
32959
32967
32977
32982
32993
32998
33006
33014
33021
33033
33034
33035
33042
33047
33057
33061
33069
33070
33082
33084
33086
33095
33096
33097
33098
33108
33115
33120
33124
33130
33139
33142
33149
33152
33163
33168
33172
33182
33185
33196
33197
33199
33210
33215
33219
33221
33230
33231
33234
33239
33248
33259
33260
33261
33264
33265
33272
33280
33281
33282
33286
33298
33307
33311
33317
33319
33331
33340
33350
33356
33363
33364
33375
33380
33390
33396
33400
33403
33410
33412
33420
33431
33440
33447
33453
33455
33460
33461
33472
33481
33488
33489
33497
33505
33511
33517
33527
33539
33546
33555
33567
33571
33579
33584
33586
33595
33603
33608
33620
33627
33638
33648
33651
33663
33671
33677
33679
33682
33693
33700
33706
33711
33720
33728
33738
33748
33751
33752
33753
33760
33771
33774
33776
33785
33792
33793
33795
33801
33805
33814
33816
33827
33829
33831
33835
33845
33851
33853
33865
33866
33874
33883
33891
33899
33911
33922
33926
33931
33940
33947
33948
33951
33955
33959
33963
33968
33975
33978
33989
33997
33999
34006
34015
34022
34026
34037
34048
34059
34069
34079
34091
34095
34104
34113
34114
34117
34123
34127
34136
34138
34141
34148
34155
34157
34167
34169
34172
34180
34189
34194
34199
34203
34204
34214
34220
34230
34238
34245
34256
34266
34268
34271
34273
34280
34281
34290
34294
34302
34310
34320
34322
34331
34341
34346
34348
34349
34354
34362
34368
34373
34382
34391
34402
34406
34409
34419
34426
34427
34433
34440
34449
34456
34465
34468
34471
34482
34491
34493
34503
34512
34518
34528
34538
34539
34544
34548
34553
34554
34566
34573
34578
34587
34593
34605
34615
34617
34628
34636
34642
34653
34657
34664
34669
34675
34678
34688
34693
34697
34709
34713
34724
34729
34730
34733
34734
34745
34746
34756
34767
34772
34773
34779
34787
34798
34799
34809
34819
34820
34821
34825
34835
34837
34848
34859
34870
34877
34885
34891
34894
34899
34910
34921
34928
34932
34939
34941
34952
34962
34968
34973
34974
34983
34990
34999
35003
35007
35012
35015
35017
35026
35035
35039
35051
35054
35059
35066
35072
35083
35095
35096
35106
35117
35127
35134
35143
35149
35150
35151
35160
35172
35183
35193
35200
35209
35219
35228
35236
35244
35247
35250
35262
35268
35278
35288
35299
35304
35306
35308
35311
35312
35315
35322
35330
35340
35344
35348
35359
35367
35375
35382
35384
35390
35402
35411
35423
35428
35430
35432
35437
35443
35449
35454
35456
35457
35463
35465
35468
35474
35483
35485
35487
35499
35508
35511
35523
35524
35525
35535
35538
35546
35552
35561
35563
35566
35572
35574
35580
35581
35589
35591
35592
35595
35597
35600
35609
35613
35617
35628
35640
35647
35650
35655
35666
35676
35678
35679
35681
35686
35692
35704
35709
35713
35714
35720
35721
35722
35731
35740
35751
35761
35771
35778
35784
35787
35792
35800
35801
35806
35814
35819
35826
35830
35841
35850
35860
35863
35869
35871
35874
35875
35886
35894
35905
35907
35910
35917
35925
35926
35930
35932
35936
35939
35948
35949
35961
35971
35976
35983
35992
35999
36001
36002
36009
36017
36019
36031
36033
36042
36052
36058
36067
36078
36085
36089
36097
36105
36111
36114
36116
36123
36130
36131
36140
36148
36153
36164
36169
36176
36178
36188
36199
36201
36207
36213
36225
36233
36236
36239
36247
36256
36264
36275
36282
36294
36300
36310
36321
36331
36343
36349
36357
36359
36370
36380
36389
36398
36404
36409
36420
36426
36427
36430
36431
36441
36449
36450
36460
36471
36482
36492
36500
36504
36509
36520
36526
36529
36538
36542
36547
36553
36564
36569
36581
36584
36592
36600
36609
36615
36619
36623
36624
36633
36642
36645
36649
36652
36653
36658
36660
36662
36664
36669
36671
36676
36681
36683
36687
36697
36705
36712
36717
36722
36728
36731
36739
36744
36749
36758
36764
36771
36775
36782
36789
36791
36794
36804
36811
36821
36828
36838
36841
36846
36849
36853
36854
36866
36874
36876
36880
36890
36900
36911
36912
36924
36932
36941
36948
36953
36956
36959
36968
36969
36981
36992
36998
37003
37013
37017
37029
37039
37046
37047
37052
37060
37066
37077
37088
37089
37092
37094
37104
37115
37123
37127
37134
37140
37143
37149
37159
37170
37171
37174
37175
37185
37190
37193
37202
37210
37217
37218
37227
37229
37230
37231
37236
37246
37258
37264
37274
37278
37290
37301
37303
37311
37312
37322
37330
37336
37346
37348
37355
37361
37369
37379
37384
37392
37400
37403
37407
37412
37414
37419
37430
37442
37451
37458
37460
37472
37481
37482
37484
37485
37493
37496
37501
37502
37508
37517
37521
37532
37544
37550
37558
37566
37569
37575
37579
37585
37588
37592
37595
37603
37605
37613
37615
37627
37635
37637
37645
37646
37650
37661
37670
37671
37683
37693
37695
37707
37709
37721
37728
37738
37745
37746
37751
37757
37768
37780
37791
37803
37814
37823
37830
37833
37841
37850
37855
37863
37875
37881
37888
37898
37907
37917
37926
37933
37943
37954
37956
37967
37973
37978
37990
37994
38004
38007
38011
38014
38025
38037
38038
38040
38041
38043
38050
38058
38065
38075
38084
38089
38091
38095
38099
38110
38119
38127
38135
38145
38149
38151
38162
38173
38175
38177
38186
38196
38197
38198
38205
38210
38214
38220
38232
38241
38244
38248
38259
38262
38265
38274
38285
38293
38304
38311
38313
38316
38320
38326
38333
38337
38345
38353
38364
38367
38376
38377
38381
38383
38395
38398
38399
38403
38413
38414
38420
38431
38434
38445
38457
38467
38477
38489
38490
38498
38499
38507
38516
38519
38520
38521
38522
38523
38527
38531
38537
38549
38560
38568
38569
38571
38578
38582
38585
38595
38606
38609
38613
38615
38618
38624
38633
38635
38644
38645
38652
38661
38662
38668
38674
38677
38678
38685
38686
38693
38695
38701
38703
38709
38718
38730
38732
38737
38739
38747
38750
38759
38761
38772
38778
38779
38780
38789
38795
38797
38803
38804
38811
38822
38834
38835
38839
38845
38848
38857
38859
38866
38874
38877
38882
38883
38885
38886
38891
38902
38907
38919
38922
38924
38925
38933
38945
38949
38957
38969
38976
38984
38989
39001
39012
39018
39030
39040
39047
39052
39064
39071
39076
39086
39095
39106
39116
39120
39131
39134
39138
39147
39159
39162
39165
39177
39185
39196
