1
4
6
7
15
20
21
27
29
30
38
42
45
53
60
67
68
73
75
80
85
93
97
101
108
111
117
123
128
136
145
148
155
164
168
176
185
188
192
198
207
214
217
218
225
229
233
239
244
250
254
263
267
276
277
285
287
291
292
299
304
310
317
321
325
326
328
334
342
343
344
353
357
359
363
370
376
379
383
389
393
401
405
409
411
416
424
425
428
436
439
443
449
456
460
469
472
474
475
484
488
493
502
509
518
526
531
537
542
547
555
557
562
567
572
581
590
592
601
602
603
604
605
607
612
618
627
635
644
645
652
654
661
670
676
680
681
685
688
697
700
704
711
713
721
723
732
738
742
750
751
753
761
762
769
774
778
782
791
794
797
805
811
813
820
822
829
832
834
835
837
842
850
854
859
862
863
864
868
872
873
880
886
891
892
895
899
904
913
919
923
930
932
937
940
949
951
959
966
975
979
987
995
999
1007
1010
1015
1017
1021
1023
1027
1031
1034
1039
1040
1043
1044
1049
1053
1057
1064
1066
1068
1075
1082
1091
1099
1106
1107
1110
1112
1119
1122
1123
1128
1131
1132
1136
1141
1145
1147
1156
1159
1163
1168
1173
1177
1184
1189
1195
1197
1203
1205
1209
1210
1214
1221
1224
1229
1235
1237
1242
1250
1254
1263
1267
1275
1276
1285
1287
1289
1290
1295
1299
1304
1312
1321
1328
1337
1339
1342
1345
1348
1351
1355
1359
1368
1374
1379
1385
1390
1393
1396
1405
1408
1412
1417
1420
1427
1432
1439
1444
1451
1457
1461
1469
1477
1484
1492
1499
1500
1506
1509
1517
1520
1521
1528
1537
1543
1551
1554
1557
1558
1567
1574
1583
1592
1594
1596
1598
1600
1605
1610
1619
1626
1627
1632
1638
1646
1652
1657
1664
1665
1668
1671
1675
1683
1685
1693
1698
1706
1712
1714
1716
1718
1724
1729
1732
1735
1737
1744
1750
1757
1761
1770
1775
1778
1783
1788
1797
1800
1805
1810
1811
1812
1819
1828
1836
1845
1849
1856
1861
1863
1870
1879
1883
1885
1893
1897
1899
1908
1913
1915
1917
1926
1934
1943
1946
1951
1957
1966
1971
1972
1977
1980
1987
1994
1999
2004
2011
2020
2024
2025
2033
2040
2046
2050
2059
2066
2068
2073
2078
2085
2086
2088
2094
2098
2101
2104
2109
2118
2121
2129
2138
2142
2151
2156
2159
2167
2168
2173
2178
2185
2189
2193
2200
2203
2210
2219
2225
2226
2230
2238
2241
2246
2248
2257
2265
2267
2274
2282
2291
2300
2309
2310
2313
2317
2322
2327
2329
2334
2339
2347
2355
2364
2370
2373
2379
2386
2393
2400
2402
2403
2406
2415
2421
2426
2428
2431
2436
2442
2448
2451
2457
2464
2472
2477
2485
2488
2490
2496
2500
2505
2507
2511
2512
2516
2522
2527
2536
2542
2544
2550
2556
2562
2567
2570
2579
2584
2587
2596
2603
2607
2609
2615
2620
2625
2633
2636
2640
2644
2653
2660
2666
2675
2677
2680
2682
2687
2695
2701
2706
2709
2715
2719
2720
2726
2731
2732
2741
2742
2745
2751
2753
2758
2760
2764
2770
2776
2784
2793
2794
2800
2806
2809
2817
2826
2828
2836
2842
2851
2853
2859
2865
2872
2876
2882
2891
2896
2904
2910
2911
2914
2918
2921
2928
2934
2943
2944
2950
2951
2957
2966
2972
2981
2987
2989
2993
2994
3002
3003
3009
3016
3019
3024
3026
3032
3038
3041
3043
3047
3049
3058
3060
3068
3069
3074
3080
3083
3084
3089
3095
3101
3109
3113
3120
3121
3126
3133
3137
3144
3153
3161
3163
3167
3176
3184
3189
3198
3207
3209
3214
3223
3229
3234
3235
3238
3241
3246
3248
3257
3262
3268
3269
3273
3275
3277
3285
3290
3299
3305
3314
3315
3321
3322
3327
3335
3336
3344
3345
3347
3350
3357
3363
3370
3373
3376
3380
3381
3388
3396
3402
3411
3418
3426
3429
3436
3445
3453
3454
3457
3464
3470
3471
3472
3478
3487
3490
3492
3497
3505
3509
3515
3524
3531
3539
3548
3553
3562
3564
3566
3568
3577
3581
3583
3590
3594
3596
3598
3600
3606
3607
3609
3618
3622
3631
3633
3638
3641
3646
3648
3649
3651
3654
3661
3667
3668
3669
3671
3680
3688
3692
3697
3701
3702
3704
3713
3715
3718
3724
3732
3733
3739
3740
3741
3745
3752
3754
3755
3756
3763
3764
3772
3777
3779
3788
3792
3795
3802
3811
3818
3819
3827
3835
3841
3843
3852
3858
3867
3875
3880
3882
3891
3898
3899
3900
3904
3906
3915
3924
3928
3934
3939
3948
3956
3965
3966
3967
3969
3973
3979
3980
3986
3995
3997
4003
4009
4012
4013
4020
4027
4033
4036
4039
4043
4047
4052
4054
4059
4066
4068
4073
4076
4085
4092
4097
4103
4112
4116
4123
4131
4140
4147
4148
4151
4160
4167
4173
4175
4176
4180
4186
4190
4199
4206
4211
4216
4221
4230
4238
4239
4246
4255
4262
4265
4272
4273
4281
4286
4291
4299
4306
4307
4309
4312
4314
4320
4328
4329
4330
4335
4336
4344
4352
4355
4357
4361
4362
4367
4376
4379
4388
4397
4403
4405
4407
4411
4418
4426
4428
4433
4439
4447
4451
4455
4458
4463
4469
4477
4479
4480
4481
4482
4490
4494
4498
4500
4502
4508
4510
4514
4520
4524
4531
4538
4543
4546
4548
4551
4555
4562
4566
4572
4574
4580
4588
4596
4604
4611
4612
4614
4616
4618
4624
4633
4634
4635
4639
4647
4656
4664
4669
4678
4684
4686
4693
4694
4696
4704
4706
4715
4722
4726
4727
4728
4737
4742
4748
4756
4759
4768
4772
4773
4781
4783
4786
4795
4797
4798
4801
4802
4810
4812
4820
4823
4832
4840
4843
4845
4849
4852
4853
4862
4863
4865
4867
4874
4879
4885
4890
4893
4897
4904
4913
4914
4923
4926
4928
4934
4938
4946
4948
4955
4956
4961
4963
4970
4978
4979
4987
4991
4994
5000
5005
5006
5008
5014
5018
5026
5028
5037
5038
5043
5048
5052
5054
5055
5064
5069
5072
5078
5079
5088
5090
5095
5101
5105
5112
5117
5119
5126
5128
5137
5141
5142
5148
5154
5160
5161
5164
5169
5177
5184
5191
5200
5202
5209
5218
5221
5222
5225
5230
5233
5237
5246
5253
5260
5265
5270
5274
5282
5291
5297
5298
5303
5311
5312
5320
5324
5333
5342
5346
5348
5355
5360
5366
5374
5378
5384
5386
5387
5393
5399
5404
5411
5417
5421
5422
5426
5431
5434
5439
5446
5454
5459
5463
5465
5469
5476
5485
5489
5492
5501
5504
5510
5515
5516
5519
5525
5530
5539
5548
5555
5560
5562
5570
5571
5580
5587
5596
5598
5599
5608
5615
5620
5628
5631
5632
5641
5643
5649
5653
5657
5658
5663
5669
5678
5684
5687
5689
5696
5701
5702
5709
5714
5721
5725
5727
5736
5744
5753
5759
5765
5769
5776
5783
5788
5795
5801
5808
5813
5822
5830
5836
5840
5848
5851
5860
5867
5873
5874
5876
5882
5888
5891
5896
5899
5906
5913
5917
5926
5927
5933
5938
5947
5950
5958
5963
5966
5975
5979
5986
5990
5992
5995
5998
6006
6012
6018
6019
6022
6028
6033
6038
6047
6051
6060
6066
6067
6070
6075
6082
6085
6089
6097
6104
6107
6110
6119
6121
6124
6133
6140
6146
6154
6158
6165
6174
6175
6176
6185
6191
6193
6197
6202
6208
6211
6213
6221
6228
6233
6235
6241
6249
6255
6258
6261
6267
6271
6278
6286
6290
6292
6299
6308
6310
6316
6319
6324
6332
6336
6344
6345
6352
6354
6359
6363
6368
6369
6375
6376
6384
6386
6388
6389
6394
6399
6404
6406
6409
6414
6415
6423
6427
6432
6435
6436
6445
6448
6452
6458
6465
6466
6474
6478
6487
6495
6501
6503
6510
6518
6520
6521
6530
6536
6545
6552
6557
6565
6573
6576
6579
6585
6594
6601
6610
6612
6621
6624
6626
6635
6641
6648
6654
6663
6665
6667
6668
6676
6683
6685
6688
6697
6706
6715
6722
6730
6738
6745
6746
6748
6751
6754
6762
6770
6772
6776
6785
6786
6792
6800
6806
6809
6810
6814
6823
6831
6839
6846
6851
6857
6860
6861
6865
6869
6876
6882
6883
6889
6893
6902
6903
6907
6916
6924
6933
6935
6938
6941
6948
6952
6955
6962
6965
6969
6974
6982
6987
6995
6996
6998
7002
7008
7016
7023
7028
7029
7030
7034
7038
7041
7048
7053
7060
7069
7078
7082
7086
7087
7090
7098
7099
7107
7109
7113
7118
7122
7124
7131
7136
7144
7147
7151
7152
7161
7165
7166
7173
7180
7184
7192
7200
7205
7208
7209
7215
7222
7228
7235
7244
7253
7259
7260
7268
7275
7276
7281
7290
7294
7301
7306
7308
7310
7311
7312
7321
7322
7328
7331
7339
7342
7349
7356
7359
7362
7363
7367
7370
7377
7382
7385
7393
7401
7407
7410
7416
7419
7420
7424
7433
7442
7449
7456
7458
7465
7469
7475
7481
7489
7496
7500
7509
7510
7511
7513
7514
7521
7528
7537
7544
7552
7555
7560
7562
7564
7569
7571
7575
7577
7578
7584
7589
7597
7602
7608
7615
7622
7631
7636
7645
7647
7648
7657
7665
7666
7669
7674
7676
7682
7687
7690
7692
7693
7694
7702
7710
7718
7726
7728
7732
7737
7746
7750
7759
7764
7767
7773
7775
7778
7784
7787
7789
7796
7804
7812
7819
7820
7828
7829
7835
7838
7839
7846
7849
7855
7860
7861
7864
7869
7872
7875
7881
7883
7887
7895
7899
7907
7911
7916
7924
7927
7933
7934
7936
7938
7944
7946
7949
7956
7959
7964
7966
7967
7976
7985
7990
7994
7997
7999
8007
8016
8019
8022
8030
8037
8044
8053
8058
8060
8065
8070
8076
8080
8081
8088
8094
8096
8102
8106
8113
8118
8125
8134
8136
8138
8139
8142
8144
8149
8153
8158
8162
8167
8174
8182
8183
8188
8193
8202
8211
8217
8223
8226
8234
8236
8243
8252
8253
8257
8264
8269
8277
8281
8285
8291
8298
8307
8310
8311
8312
8321
8328
8335
8338
8346
8353
8354
8356
8358
8362
8367
8369
8377
8385
8390
8394
8402
8411
8420
8428
8435
8440
8443
8444
8446
8455
8461
8465
8474
8477
8480
8483
8484
8490
8494
8495
8502
8508
8509
8512
8513
8519
8526
8530
8533
8541
8548
8552
8553
8557
8561
8564
8566
8575
8581
8582
8589
8590
8593
8600
8606
8609
8616
8623
8632
8639
8641
8646
8649
8653
8657
8660
8667
8670
8676
8685
8693
8697
8700
8709
8716
8719
8720
8726
8734
8735
8740
8746
8747
8750
8751
8753
8756
8765
8774
8780
8783
8789
8794
8799
8805
8808
8813
8817
8823
8831
8834
8842
8845
8848
8852
8860
8868
8871
8876
8884
8890
8896
8900
8902
8908
8915
8923
8930
8933
8935
8944
8945
8953
8958
8963
8966
8974
8983
8984
8993
8996
9002
9005
9009
9014
9022
9024
9026
9035
9036
9038
9044
9049
9057
9062
9069
9070
9071
9077
9084
9091
9095
9101
9110
9114
9118
9126
9135
9137
9140
9146
9148
9152
9153
9162
9166
9168
9174
9176
9183
9186
9194
9203
9209
9211
9213
9219
9226
9230
9239
9240
9241
9245
9253
9257
9266
9269
9275
9281
9284
9293
9297
9298
9301
9302
9309
9315
9323
9327
9332
9336
9344
9353
9361
9367
9371
9373
9377
9378
9386
9394
9396
9405
9406
9414
9420
9425
9432
9433
9440
9447
9455
9456
9459
9462
9471
9472
9476
9478
9479
9482
9489
9496
9501
9503
9512
9516
9523
9524
9526
9534
9537
9539
9542
9551
9554
9558
9563
9570
9576
9585
9591
9596
9602
9608
9616
9620
9629
9630
9635
9641
9642
9650
9659
9663
9665
9673
9676
9682
9690
9699
9700
9707
9710
9716
9723
9728
9731
9740
9742
9747
9749
9756
9759
9760
9761
9766
9767
9769
9775
9783
9789
9793
9797
9800
9807
9810
9818
9823
9824
9830
9838
9847
9848
9850
9852
9861
9863
9869
9873
9874
9881
9888
9889
9894
9899
9901
9907
9908
9913
9922
9926
9929
9930
